1.036694e+02
9.217735e+01
1.016451e+02
8.724479e+01
1.041267e+02
1.008261e+02
1.146196e+02
9.319924e+01
1.221112e+02
8.715917e+01
8.191027e+01
6.999963e+01
9.939232e+01
7.543900e+01
9.019000e+01
1.018737e+02
9.782828e+01
9.047736e+01
9.114341e+01
1.207509e+02
8.624391e+01
9.767261e+01
1.430707e+02
1.161873e+02
1.061444e+02
8.142581e+01
8.693764e+01
1.205661e+02
1.302608e+02
7.545742e+01
1.263499e+02
1.207463e+02
9.181547e+01
1.025277e+02
1.004497e+02
9.248492e+01
8.529734e+01
1.068247e+02
1.131669e+02
1.045234e+02
9.237427e+01
9.039275e+01
9.110297e+01
1.302096e+02
7.831994e+01
1.134056e+02
1.288036e+02
8.055971e+01
6.674945e+01
6.413901e+01
8.332804e+01
1.104320e+02
8.572825e+01
1.226482e+02
9.526786e+01
9.901868e+01
7.485500e+01
9.173237e+01
1.178243e+02
8.289329e+01
1.029930e+02
1.183245e+02
1.061392e+02
1.146692e+02
1.061677e+02
1.193949e+02
1.047141e+02
1.153056e+02
1.210933e+02
6.821665e+01
1.169439e+02
6.140435e+01
9.830636e+01
1.014443e+02
8.974174e+01
8.157312e+01
1.163950e+02
1.038637e+02
9.081803e+01
1.085578e+02
1.157577e+02
9.940771e+01
1.149374e+02
1.121999e+02
1.031660e+02
1.295228e+02
9.506063e+01
6.709390e+01
9.482550e+01
7.915510e+01
1.243303e+02
1.410534e+02
1.140947e+02
1.418003e+02
1.074574e+02
9.487619e+01
9.470238e+01
8.477126e+01
1.354702e+02
1.195512e+02
1.100241e+02
7.853059e+01
7.865599e+01
9.476572e+01
1.358942e+02
1.102877e+02
1.050282e+02
1.238293e+02
8.551251e+01
8.004121e+01
1.012305e+02
1.192869e+02
9.818148e+01
1.115154e+02
1.249707e+02
1.207292e+02
1.064373e+02
1.238708e+02
1.131237e+02
9.049294e+01
1.421424e+02
1.332222e+02
1.433220e+02
7.523323e+01
1.192864e+02
1.199326e+02
1.276116e+02
1.143721e+02
1.302714e+02
1.490952e+02
1.208215e+02
6.056986e+01
1.488102e+02
1.655969e+02
8.437658e+01
1.476172e+02
1.431426e+02
1.285985e+02
1.384339e+02
9.568432e+01
1.266942e+02
9.725273e+01
1.368993e+02
1.293772e+02
1.295262e+02
8.296550e+01
1.243535e+02
1.410071e+02
1.045017e+02
1.155584e+02
1.370588e+02
8.798979e+01
1.122424e+02
1.409873e+02
1.503418e+02
1.331288e+02
1.499972e+02
1.242285e+02
1.315409e+02
1.525142e+02
1.283680e+02
1.005320e+02
1.096935e+02
1.367972e+02
1.324083e+02
1.755804e+02
1.338639e+02
1.082432e+02
2.068612e+02
1.089309e+02
1.260573e+02
1.468803e+02
1.289484e+02
1.319100e+02
1.002203e+02
1.218811e+02
1.287627e+02
8.371356e+01
9.710253e+01
1.396472e+02
1.708395e+02
1.082392e+02
1.285930e+02
1.669467e+02
1.052871e+02
1.284373e+02
1.492472e+02
1.271466e+02
1.046517e+02
1.177199e+02
1.075559e+02
1.041393e+02
1.369780e+02
1.094033e+02
7.230130e+01
1.093614e+02
1.504599e+02
1.542103e+02
1.669761e+02
1.132834e+02
8.902376e+01
1.410482e+02
9.473487e+01
1.127066e+02
9.770335e+01
1.193219e+02
1.226406e+02
1.435924e+02
1.298696e+02
9.285326e+01
9.164682e+01
1.522930e+02
1.300707e+02
1.461334e+02
1.124264e+02
1.449402e+02
1.330774e+02
1.032820e+02
1.084695e+02
1.899846e+02
1.016790e+02
1.015147e+02
8.454355e+01
1.208404e+02
1.171557e+02
1.484246e+02
9.001469e+01
1.252054e+02
1.222166e+02
1.158985e+02
1.130905e+02
1.260745e+02
1.241118e+02
1.482057e+02
9.489184e+01
1.350384e+02
1.054882e+02
1.479893e+02
1.177336e+02
1.087606e+02
1.173385e+02
1.317049e+02
7.808343e+01
1.266977e+02
1.173328e+02
1.260462e+02
1.026562e+02
1.019042e+02
1.192284e+02
1.292345e+02
1.048537e+02
8.762029e+01
1.044626e+02
1.383471e+02
1.402820e+02
1.237532e+02
1.361051e+02
1.016324e+02
9.549096e+01
1.122290e+02
9.203847e+01
9.677257e+01
1.223003e+02
1.053845e+02
1.173757e+02
1.301828e+02
1.197987e+02
1.034138e+02
1.064255e+02
1.148208e+02
1.316034e+02
1.083378e+02
1.200461e+02
9.263016e+01
1.197172e+02
1.134794e+02
9.774101e+01
1.437687e+02
8.523527e+01
8.171233e+01
1.000665e+02
8.956533e+01
1.132924e+02
1.217469e+02
1.286651e+02
1.254787e+02
9.829963e+01
1.152750e+02
9.403907e+01
1.233654e+02
7.956804e+01
9.922098e+01
1.132903e+02
1.187405e+02
1.021067e+02
1.214011e+02
1.011064e+02
1.122714e+02
9.695157e+01
8.428063e+01
1.139568e+02
1.260971e+02
1.169482e+02
9.498418e+01
1.149689e+02
1.116827e+02
9.078078e+01
8.918846e+01
9.510408e+01
1.293078e+02
1.070264e+02
1.057287e+02
1.107301e+02
1.037143e+02
9.136190e+01
9.156076e+01
1.130693e+02
1.085988e+02
9.784774e+01
8.653597e+01
9.873568e+01
1.000120e+02
1.121190e+02
8.647488e+01
1.266189e+02
9.942078e+01
9.237390e+01
8.772780e+01
8.504354e+01
9.999678e+01
1.065654e+02
9.142615e+01
1.080219e+02
9.618334e+01
1.008486e+02
1.095533e+02
9.082489e+01
1.056563e+02
8.857719e+01
8.122272e+01
8.087833e+01
1.004644e+02
1.013704e+02
1.233439e+02
8.835566e+01
9.836405e+01
1.071879e+02
9.213987e+01
8.940519e+01
1.182588e+02
9.896465e+01
9.536779e+01
9.025031e+01
9.598980e+01
9.742999e+01
9.783214e+01
9.165307e+01
9.740291e+01
1.074528e+02
9.864646e+01
9.245516e+01
1.060603e+02
1.047934e+02
9.067640e+01
1.032628e+02
1.046598e+02
9.859706e+01
1.008759e+02
1.136921e+02
8.412146e+01
1.026790e+02
9.845787e+01
9.124107e+01
8.447759e+01
8.429065e+01
1.032988e+02
1.070836e+02
1.056853e+02
1.104656e+02
9.274425e+01
1.105191e+02
8.968391e+01
8.656226e+01
9.730395e+01
1.124070e+02
9.189237e+01
1.070701e+02
7.619633e+01
8.248285e+01
1.026691e+02
9.513974e+01
8.439738e+01
9.355651e+01
1.134075e+02
8.888646e+01
8.980922e+01
9.710028e+01
8.376313e+01
1.054186e+02
9.215069e+01
1.070938e+02
1.137312e+02
9.258250e+01
1.156175e+02
9.917364e+01
1.039503e+02
1.056050e+02
8.937633e+01
9.553798e+01
9.647443e+01
9.684750e+01
1.026529e+02
8.009489e+01
7.168185e+01
7.408576e+01
9.418221e+01
9.496831e+01
1.042300e+02
8.984125e+01
7.690443e+01
8.173243e+01
8.457083e+01
9.575539e+01
1.068398e+02
9.225259e+01
8.942140e+01
8.671316e+01
8.017204e+01
8.823828e+01
9.231898e+01
9.236895e+01
8.229629e+01
8.986648e+01
9.642299e+01
9.464477e+01
9.639224e+01
6.381406e+01
8.442223e+01
8.385771e+01
7.932092e+01
8.979298e+01
8.280523e+01
8.397618e+01
8.773875e+01
8.340113e+01
9.557396e+01
7.925473e+01
1.087644e+02
8.018694e+01
8.823458e+01
8.732715e+01
9.417567e+01
1.041552e+02
7.831632e+01
9.322172e+01
9.079781e+01
1.009236e+02
1.127836e+02
8.398624e+01
8.371020e+01
8.270475e+01
8.973335e+01
9.306919e+01
8.149696e+01
8.243688e+01
9.778096e+01
1.029400e+02
9.213574e+01
8.144057e+01
8.160668e+01
8.655293e+01
9.655549e+01
9.617296e+01
9.224713e+01
8.483788e+01
8.610230e+01
6.366058e+01
8.416046e+01
8.806302e+01
7.225932e+01
7.895894e+01
9.846235e+01
9.632540e+01
9.882982e+01
8.394576e+01
8.717109e+01
8.973494e+01
1.103349e+02
8.962290e+01
9.010949e+01
9.951490e+01
8.091173e+01
1.027162e+02
9.556646e+01
7.176880e+01
8.305619e+01
8.633332e+01
7.590339e+01
8.065414e+01
8.479359e+01
8.888307e+01
7.055798e+01
7.472462e+01
1.013080e+02
8.704101e+01
8.658097e+01
9.092452e+01
8.620309e+01
9.935004e+01
8.716084e+01
8.653245e+01
9.357545e+01
7.477179e+01
8.417735e+01
1.044804e+02
8.219586e+01
9.438685e+01
9.672732e+01
6.998989e+01
9.027672e+01
9.524187e+01
9.393987e+01
1.035247e+02
8.873714e+01
9.056618e+01
8.773357e+01
8.039578e+01
1.006932e+02
9.656568e+01
8.630752e+01
8.075381e+01
7.998371e+01
9.583437e+01
6.703100e+01
1.059803e+02
1.019477e+02
7.456374e+01
7.389731e+01
8.389818e+01
8.459931e+01
8.176098e+01
8.488062e+01
1.017832e+02
1.009176e+02
8.112454e+01
9.037026e+01
9.910055e+01
9.768057e+01
1.105149e+02
8.854858e+01
9.561786e+01
9.745326e+01
7.297206e+01
5.057157e+01
7.593483e+01
8.077536e+01
9.462322e+01
1.075872e+02
9.388150e+01
7.829308e+01
6.483535e+01
1.200429e+02
1.001402e+02
9.697502e+01
7.498869e+01
9.669053e+01
9.112470e+01
7.877147e+01
7.730073e+01
9.105105e+01
8.882241e+01
9.785677e+01
8.948598e+01
1.033206e+02
8.236278e+01
9.198623e+01
8.193166e+01
8.528769e+01
8.368621e+01
8.742445e+01
8.175326e+01
7.956951e+01
9.927705e+01
9.459847e+01
8.608626e+01
7.169161e+01
9.643994e+01
7.820431e+01
9.504732e+01
9.719448e+01
7.791985e+01
7.260129e+01
6.510942e+01
7.681496e+01
8.373428e+01
7.330055e+01
1.133926e+02
8.551856e+01
8.495614e+01
8.375943e+01
8.304501e+01
8.447594e+01
1.036059e+02
6.662128e+01
8.948890e+01
8.590484e+01
8.885137e+01
9.132212e+01
8.275089e+01
9.184729e+01
9.251048e+01
8.067663e+01
8.847703e+01
8.251578e+01
9.815321e+01
7.919496e+01
8.575320e+01
9.211662e+01
7.381956e+01
9.075042e+01
9.991335e+01
9.306258e+01
7.301922e+01
8.959604e+01
8.430854e+01
9.034210e+01
9.055960e+01
9.438124e+01
8.931067e+01
9.390813e+01
7.746573e+01
8.558710e+01
7.242975e+01
7.803465e+01
8.943350e+01
8.810974e+01
9.096909e+01
7.958796e+01
9.126740e+01
6.063309e+01
7.329370e+01
6.252394e+01
8.497130e+01
7.507606e+01
6.452806e+01
8.550461e+01
9.542724e+01
1.054777e+02
8.388864e+01
9.513249e+01
6.713782e+01
8.029148e+01
8.139184e+01
9.402033e+01
5.549673e+01
8.875343e+01
8.749093e+01
7.369109e+01
7.903502e+01
5.825761e+01
9.242341e+01
7.578169e+01
7.582374e+01
6.673627e+01
7.444363e+01
9.870370e+01
7.764909e+01
7.317573e+01
9.781984e+01
9.887685e+01
1.118287e+02
6.666228e+01
7.534872e+01
7.824568e+01
8.361137e+01
1.117890e+02
8.853409e+01
9.003958e+01
8.923350e+01
9.177707e+01
7.847561e+01
9.117096e+01
8.311332e+01
6.820728e+01
7.974474e+01
8.602867e+01
1.043386e+02
8.803848e+01
7.459824e+01
8.273835e+01
8.003262e+01
7.625565e+01
6.161604e+01
1.032300e+02
8.247961e+01
6.327488e+01
7.417755e+01
7.584997e+01
9.520916e+01
8.927943e+01
8.925029e+01
6.873607e+01
7.617495e+01
9.816111e+01
7.877594e+01
5.790292e+01
8.205714e+01
7.482561e+01
9.918918e+01
8.613914e+01
7.906855e+01
6.295218e+01
7.690604e+01
8.735328e+01
6.809864e+01
7.954883e+01
8.228501e+01
7.280179e+01
8.137905e+01
8.830854e+01
7.963542e+01
