8.914680e+01
1.022530e+02
7.206334e+01
6.587202e+01
7.394626e+01
9.700455e+01
6.633065e+01
7.870106e+01
8.931086e+01
9.269318e+01
7.596523e+01
9.247535e+01
8.758411e+01
7.196658e+01
7.140485e+01
7.047427e+01
7.779061e+01
6.459297e+01
7.616532e+01
8.067325e+01
6.283991e+01
7.413096e+01
7.570712e+01
7.836306e+01
7.945321e+01
7.860041e+01
6.491648e+01
7.011609e+01
6.871945e+01
6.343756e+01
8.239405e+01
8.381448e+01
9.099050e+01
7.219968e+01
6.362088e+01
7.919508e+01
5.120703e+01
6.952110e+01
6.966453e+01
8.645395e+01
5.731610e+01
6.103300e+01
6.528408e+01
6.311003e+01
7.958643e+01
6.975103e+01
5.309785e+01
6.793299e+01
7.294743e+01
7.816877e+01
7.698508e+01
7.822006e+01
5.180233e+01
7.162656e+01
5.772815e+01
7.130318e+01
6.105747e+01
6.401146e+01
7.442427e+01
5.946690e+01
6.894008e+01
5.801663e+01
4.744092e+01
7.029543e+01
6.762393e+01
7.397155e+01
5.640702e+01
8.055920e+01
4.062705e+01
6.326906e+01
6.656927e+01
7.583482e+01
7.528676e+01
8.599395e+01
6.703301e+01
7.136896e+01
8.373266e+01
6.515888e+01
6.281886e+01
5.819335e+01
5.762320e+01
4.687339e+01
6.935932e+01
6.595340e+01
8.865605e+01
5.367137e+01
6.008730e+01
6.253899e+01
6.338146e+01
6.109707e+01
7.239441e+01
8.536466e+01
6.571080e+01
9.586537e+01
7.421338e+01
6.855167e+01
4.853273e+01
5.864795e+01
7.591968e+01
7.378690e+01
6.179523e+01
5.684560e+01
4.681516e+01
5.151313e+01
5.749467e+01
7.678905e+01
4.885972e+01
7.197382e+01
6.094322e+01
5.049891e+01
8.284313e+01
6.383569e+01
7.968947e+01
9.061872e+01
9.037589e+01
8.525437e+01
4.929684e+01
6.921115e+01
7.135837e+01
7.739117e+01
5.726717e+01
6.342638e+01
7.977832e+01
6.847771e+01
7.144496e+01
7.745626e+01
9.271800e+01
7.893029e+01
6.507077e+01
6.418667e+01
8.138120e+01
5.646894e+01
5.982871e+01
7.762888e+01
5.774127e+01
9.658504e+01
6.203892e+01
9.041757e+01
7.447994e+01
7.712853e+01
7.642582e+01
4.676593e+01
5.951087e+01
7.079872e+01
8.255898e+01
7.212274e+01
7.567308e+01
5.524634e+01
7.212383e+01
8.160274e+01
5.807060e+01
5.418100e+01
7.072148e+01
4.846538e+01
7.085910e+01
8.980217e+01
7.330489e+01
7.017098e+01
6.458999e+01
4.938986e+01
6.618570e+01
5.718094e+01
1.023384e+02
7.371738e+01
5.876446e+01
7.254358e+01
6.974886e+01
6.556892e+01
7.880142e+01
6.113647e+01
3.212055e+01
5.334421e+01
7.320996e+01
6.548165e+01
8.845733e+01
8.593047e+01
6.864895e+01
6.564822e+01
6.019424e+01
8.468062e+01
9.460985e+01
1.044137e+02
6.958592e+01
8.856136e+01
8.497463e+01
6.789385e+01
8.329134e+01
8.098850e+01
5.907551e+01
7.756838e+01
8.757269e+01
6.221669e+01
6.642041e+01
1.088045e+02
8.404251e+01
7.929824e+01
4.847673e+01
6.162927e+01
6.988815e+01
7.297225e+01
6.994814e+01
8.845706e+01
4.497539e+01
7.045745e+01
8.706858e+01
6.888813e+01
1.105364e+02
6.839544e+01
6.060007e+01
8.166167e+01
6.027281e+01
7.408782e+01
5.805769e+01
8.311093e+01
7.648560e+01
6.692200e+01
6.500041e+01
6.174377e+01
7.026981e+01
7.368469e+01
9.501870e+01
8.953684e+01
7.388384e+01
7.077333e+01
5.828001e+01
9.770254e+01
7.091636e+01
6.985479e+01
7.242307e+01
7.886045e+01
6.235171e+01
9.112897e+01
6.050631e+01
7.146409e+01
6.588319e+01
6.918017e+01
7.233172e+01
7.657163e+01
9.048621e+01
9.571012e+01
6.732750e+01
8.092884e+01
7.180779e+01
6.607923e+01
6.902409e+01
9.251060e+01
5.870884e+01
8.249684e+01
4.982067e+01
6.445124e+01
1.051524e+02
6.475090e+01
5.832484e+01
6.898972e+01
6.207563e+01
8.113913e+01
5.020568e+01
6.822535e+01
1.024426e+02
8.835494e+01
8.543959e+01
7.993818e+01
6.024301e+01
5.581986e+01
9.147441e+01
6.112507e+01
1.014173e+02
6.711668e+01
7.249712e+01
5.775140e+01
6.933977e+01
7.985346e+01
4.610972e+01
9.066306e+01
6.399959e+01
3.314984e+01
7.971474e+01
8.199643e+01
6.105398e+01
1.249842e+02
7.752845e+01
7.973427e+01
1.014257e+02
6.858153e+01
1.015163e+02
5.046164e+01
8.646580e+01
9.358798e+01
5.384803e+01
6.918043e+01
7.284354e+01
7.038440e+01
5.091182e+01
9.361284e+01
7.544847e+01
8.275563e+01
6.030007e+01
7.600519e+01
1.046992e+02
7.636387e+01
6.366538e+01
6.229598e+01
9.499755e+01
6.921987e+01
7.428761e+01
9.219317e+01
6.170312e+01
6.484310e+01
1.131996e+02
8.805321e+01
6.810912e+01
7.154319e+01
1.094929e+02
7.074242e+01
9.436629e+01
8.133203e+01
6.380839e+01
9.896682e+01
8.056179e+01
6.461133e+01
1.089147e+02
4.716835e+01
6.929220e+01
1.099734e+02
5.960571e+01
9.186675e+01
9.067714e+01
1.227702e+02
8.386278e+01
4.596190e+01
7.416757e+01
7.678339e+01
9.570488e+01
7.879771e+01
9.945689e+01
6.006451e+01
1.028916e+02
9.897758e+01
8.017459e+01
1.424623e+02
7.672377e+01
1.495183e+02
7.922135e+01
8.383775e+01
1.056925e+02
8.153804e+01
9.718291e+01
9.333194e+01
4.440416e+01
9.649286e+01
9.858950e+01
7.091588e+01
1.095691e+02
1.105126e+02
1.187742e+02
7.834500e+01
1.179035e+02
6.934562e+01
1.027052e+02
8.672120e+01
9.801591e+01
7.503869e+01
1.153469e+02
1.034627e+02
5.204716e+01
1.279965e+02
1.078492e+02
7.202783e+01
6.947587e+01
9.728865e+01
1.167846e+02
1.171648e+02
7.808765e+01
6.572283e+01
8.064159e+01
7.481006e+01
1.260958e+02
7.230684e+01
9.308805e+01
9.099964e+01
6.481076e+01
7.245111e+01
1.206764e+02
5.485368e+01
4.915883e+01
8.837044e+01
6.447663e+01
7.056117e+01
5.742977e+01
9.447479e+01
9.578046e+01
7.999996e+01
7.911021e+01
1.070611e+02
9.028542e+01
6.361703e+01
8.150442e+01
8.089255e+01
8.513521e+01
1.116513e+02
8.187430e+01
7.711019e+01
8.902283e+01
1.210455e+02
9.659368e+01
1.190669e+02
5.533142e+01
9.215804e+01
7.144142e+01
9.163110e+01
6.354237e+01
1.048951e+02
6.220728e+01
1.136114e+02
8.559546e+01
7.611602e+01
1.114287e+02
9.220986e+01
9.702817e+01
8.843553e+01
8.133271e+01
1.108222e+02
1.232712e+02
1.328308e+02
1.326942e+02
1.189178e+02
7.245659e+01
1.004671e+02
8.677177e+01
8.903322e+01
8.960097e+01
7.882934e+01
6.681137e+01
9.990779e+01
6.725891e+01
7.037466e+01
1.008742e+02
7.981108e+01
1.088174e+02
6.399711e+01
1.087612e+02
7.876891e+01
1.071847e+02
8.590895e+01
6.103143e+01
8.853889e+01
8.391181e+01
5.908211e+01
8.105969e+01
8.869820e+01
5.915600e+01
8.276142e+01
9.527890e+01
1.090349e+02
9.849865e+01
9.245439e+01
1.185600e+02
8.163966e+01
1.115291e+02
5.780316e+01
1.035135e+02
6.437724e+01
1.418941e+02
8.016704e+01
1.200663e+02
8.380049e+01
8.523451e+01
7.693851e+01
4.135095e+01
9.734148e+01
1.102298e+02
9.524764e+01
1.148757e+02
6.973625e+01
1.549361e+02
7.612208e+01
1.706712e+02
8.584612e+01
8.630314e+01
6.242483e+01
5.731907e+01
5.149119e+01
5.506790e+01
1.028334e+02
6.987570e+01
1.002193e+02
6.660593e+01
5.926888e+01
6.321786e+01
1.200389e+02
7.445072e+01
4.746778e+01
8.772711e+01
1.169712e+02
1.183767e+02
8.443886e+01
1.035699e+02
7.337764e+01
1.503807e+02
5.675280e+01
8.875579e+01
5.969530e+01
5.280557e+01
6.221437e+01
1.055603e+02
1.243684e+02
2.697917e+01
9.372255e+01
5.473482e+01
1.119446e+02
3.356539e+01
1.122285e+02
8.862460e+01
1.095467e+02
9.098874e+01
1.196068e+02
8.439531e+01
7.628856e+01
7.550619e+01
5.666684e+01
5.870972e+01
1.259788e+02
9.002182e+01
6.378691e+01
6.510152e+01
6.934087e+01
1.040351e+02
9.060941e+01
9.049033e+01
8.842059e+01
2.610629e+01
5.838927e+01
6.322555e+01
7.029149e+01
1.048285e+02
9.550537e+01
1.131726e+02
6.287790e+01
6.343438e+01
6.621737e+01
1.065453e+02
1.179620e+02
1.042608e+02
1.251927e+02
1.022114e+02
7.393683e+01
1.078221e+02
1.295151e+02
9.379201e+01
9.079905e+01
4.950153e+01
9.408427e+01
1.035540e+02
9.651024e+01
9.270869e+01
4.803254e+01
9.294333e+01
1.015072e+02
8.889701e+01
1.091622e+02
9.667956e+01
9.522014e+01
5.424192e+01
9.408374e+01
7.661043e+01
7.346855e+01
5.778040e+01
1.099536e+02
3.632001e+01
8.046321e+01
9.609040e+01
9.111185e+01
8.761568e+01
7.856137e+01
7.411085e+01
1.217072e+02
1.411855e+02
1.065410e+02
1.027113e+02
1.287391e+02
8.730873e+01
6.660355e+01
1.136475e+02
6.070976e+01
8.324184e+01
5.967138e+01
7.935304e+01
7.338074e+01
1.251305e+02
1.141167e+02
1.015499e+02
7.198605e+01
8.417636e+01
6.164428e+01
8.848005e+01
8.494581e+01
8.652017e+01
3.969335e+01
4.254942e+01
7.699659e+01
1.338130e+02
8.807936e+01
8.855029e+01
2.861393e+01
9.622562e+01
7.965889e+01
7.259174e+01
6.129471e+01
9.697905e+01
5.475719e+01
1.098903e+02
7.763098e+01
7.995653e+01
1.006848e+02
7.885897e+01
8.089194e+01
9.525396e+01
9.397543e+01
8.867808e+01
6.510413e+01
9.141427e+01
6.183561e+01
9.410097e+01
7.036402e+01
7.929434e+01
8.150718e+01
7.867053e+01
4.853164e+01
5.394019e+01
9.160356e+01
5.811770e+01
7.701466e+01
6.459149e+01
4.205023e+01
3.978830e+01
4.814156e+01
6.939444e+01
8.740788e+01
7.050926e+01
7.807587e+01
8.346579e+01
7.642364e+01
8.746798e+01
4.075429e+01
9.046013e+01
1.037943e+02
8.273705e+01
4.175940e+01
7.315418e+01
9.839629e+01
7.963307e+01
6.009576e+01
6.895388e+01
8.316474e+01
8.978215e+01
6.670212e+01
6.503687e+01
7.837515e+01
9.533846e+01
6.352478e+01
5.499111e+01
5.010587e+01
5.835469e+01
6.248605e+01
7.186765e+01
4.195560e+01
7.665265e+01
8.945873e+01
7.318028e+01
7.896488e+01
6.086577e+01
8.861236e+01
6.263534e+01
9.147859e+01
6.800674e+01
4.412102e+01
9.533592e+01
7.558053e+01
7.855013e+01
6.053164e+01
7.281008e+01
7.563258e+01
8.614197e+01
6.018408e+01
6.600090e+01
6.116252e+01
5.087701e+01
7.366658e+01
6.669123e+01
7.361686e+01
5.644839e+01
6.397168e+01
4.683025e+01
4.378399e+01
5.397205e+01
5.301924e+01
4.705866e+01
7.849058e+01
4.434191e+01
7.042635e+01
4.913755e+01
7.236453e+01
7.925735e+01
6.503659e+01
4.939941e+01
6.957656e+01
4.353309e+01
6.783311e+01
5.471300e+01
6.511940e+01
6.269756e+01
6.417224e+01
6.037204e+01
6.253298e+01
8.480177e+01
4.657789e+01
3.847830e+01
5.959318e+01
6.547669e+01
4.356855e+01
6.425391e+01
7.000269e+01
5.857838e+01
5.664784e+01
5.734334e+01
5.078527e+01
6.156556e+01
6.583925e+01
7.228313e+01
5.305724e+01
6.062531e+01
7.265288e+01
8.633923e+01
6.389634e+01
6.057886e+01
6.989933e+01
5.736003e+01
6.060781e+01
7.409743e+01
5.792482e+01
7.215407e+01
5.821816e+01
5.866619e+01
7.763041e+01
5.079946e+01
6.385365e+01
6.210157e+01
6.099371e+01
5.768712e+01
6.809271e+01
6.540094e+01
6.220576e+01
8.441697e+01
7.394619e+01
6.068171e+01
5.367637e+01
5.945331e+01
6.188663e+01
6.152578e+01
5.274472e+01
6.214758e+01
6.334782e+01
5.905431e+01
7.412575e+01
6.388451e+01
6.318048e+01
6.307148e+01
6.514746e+01
6.407992e+01
4.572388e+01
5.195841e+01
5.472424e+01
6.452730e+01
6.589615e+01
4.704445e+01
5.405249e+01
6.136167e+01
6.838689e+01
6.408254e+01
6.446100e+01
4.804387e+01
4.546747e+01
5.847547e+01
4.174644e+01
7.627174e+01
5.347802e+01
6.426687e+01
6.057116e+01
6.513505e+01
7.447984e+01
4.980608e+01
5.433755e+01
5.314554e+01
6.183189e+01
5.666570e+01
7.609475e+01
5.841968e+01
5.023126e+01
3.656099e+01
5.690950e+01
8.816609e+01
5.015570e+01
5.901221e+01
5.446060e+01
7.222656e+01
5.286421e+01
7.107846e+01
4.344377e+01
5.795353e+01
7.083515e+01
6.308769e+01
6.179517e+01
6.736911e+01
7.289692e+01
7.168960e+01
4.487512e+01
6.398727e+01
5.541024e+01
6.004799e+01
4.552331e+01
6.745671e+01
5.490546e+01
5.183021e+01
5.248095e+01
7.089248e+01
5.654109e+01
5.146676e+01
5.938174e+01
5.146861e+01
6.407779e+01
7.050780e+01
6.896893e+01
7.139612e+01
4.953725e+01
5.153310e+01
5.638619e+01
5.708922e+01
6.398196e+01
6.410160e+01
6.147604e+01
6.537254e+01
4.364818e+01
5.145199e+01
5.809068e+01
7.380301e+01
5.023154e+01
4.877629e+01
5.854519e+01
5.975967e+01
7.166974e+01
7.188470e+01
5.592756e+01
8.032164e+01
4.725315e+01
6.848122e+01
6.173068e+01
6.751698e+01
6.274060e+01
5.411787e+01
7.420748e+01
6.510026e+01
6.067035e+01
8.105391e+01
5.256822e+01
6.008600e+01
5.827849e+01
7.109614e+01
6.042745e+01
6.053760e+01
5.554511e+01
6.869098e+01
5.710489e+01
7.529123e+01
4.886875e+01
5.658428e+01
6.104743e+01
5.248815e+01
6.814960e+01
5.989560e+01
5.805277e+01
5.199185e+01
4.407668e+01
6.463820e+01
6.783539e+01
5.586950e+01
6.647673e+01
5.570813e+01
5.497507e+01
7.275348e+01
6.717360e+01
4.330161e+01
5.261716e+01
5.288175e+01
4.249050e+01
4.042047e+01
6.136546e+01
8.002949e+01
6.161703e+01
6.424957e+01
4.046435e+01
5.521327e+01
4.176358e+01
6.909148e+01
3.727477e+01
7.491689e+01
4.384525e+01
4.329293e+01
6.369793e+01
3.692836e+01
6.767766e+01
5.352858e+01
5.353635e+01
7.331591e+01
6.019567e+01
6.016951e+01
6.571941e+01
5.538095e+01
5.424457e+01
6.502718e+01
6.716657e+01
6.431378e+01
7.032422e+01
7.610677e+01
6.697763e+01
5.029292e+01
6.030795e+01
8.100200e+01
5.846330e+01
6.060212e+01
