1.256993e+02
1.188485e+02
1.263459e+02
1.154442e+02
1.133908e+02
8.334686e+01
7.627513e+01
1.526491e+02
1.117554e+02
8.798733e+01
1.082691e+02
9.633521e+01
9.929943e+01
1.299726e+02
1.032114e+02
9.968813e+01
9.983891e+01
7.606186e+01
9.936804e+01
9.556139e+01
1.011135e+02
6.913910e+01
9.547366e+01
8.491923e+01
1.023100e+02
1.088765e+02
8.139512e+01
1.177625e+02
1.025868e+02
9.592821e+01
8.447715e+01
7.668255e+01
8.286926e+01
1.009605e+02
1.069808e+02
9.696740e+01
9.825538e+01
8.152548e+01
9.935219e+01
6.531071e+01
8.649545e+01
9.697009e+01
1.014464e+02
1.006118e+02
7.744684e+01
6.105807e+01
6.125554e+01
8.858347e+01
7.212545e+01
1.051128e+02
1.039088e+02
9.465666e+01
6.354072e+01
1.085050e+02
1.060506e+02
1.029738e+02
1.041796e+02
8.152957e+01
1.126128e+02
8.908706e+01
1.053801e+02
1.023660e+02
9.824244e+01
8.518840e+01
9.198460e+01
7.712671e+01
1.082134e+02
9.680569e+01
9.182024e+01
1.113756e+02
8.647491e+01
6.578758e+01
6.316516e+01
1.029077e+02
1.271655e+02
1.031213e+02
8.836661e+01
1.102884e+02
9.119347e+01
1.028932e+02
9.293118e+01
7.687303e+01
1.098690e+02
8.506492e+01
1.038656e+02
7.068266e+01
8.746932e+01
1.105933e+02
9.039054e+01
1.226146e+02
9.200262e+01
7.256589e+01
8.258955e+01
7.921562e+01
1.160937e+02
9.738006e+01
7.306932e+01
8.755486e+01
9.303487e+01
1.009650e+02
1.009592e+02
1.015089e+02
7.242016e+01
9.532829e+01
1.107735e+02
8.454963e+01
8.213367e+01
9.635896e+01
9.773257e+01
7.923000e+01
1.139689e+02
6.552445e+01
8.078661e+01
1.086927e+02
5.978063e+01
9.377964e+01
1.091309e+02
8.122253e+01
8.296077e+01
1.048554e+02
8.649078e+01
1.316878e+02
1.025717e+02
8.152590e+01
9.456824e+01
9.498631e+01
8.645364e+01
6.179014e+01
9.483577e+01
1.135080e+02
9.996268e+01
9.728524e+01
1.122738e+02
1.007897e+02
8.429272e+01
1.095030e+02
8.263362e+01
9.120502e+01
1.072967e+02
7.728980e+01
1.121456e+02
1.054395e+02
9.272704e+01
8.094875e+01
7.687855e+01
9.685693e+01
1.093421e+02
7.458389e+01
9.911776e+01
6.266004e+01
8.767740e+01
7.198045e+01
9.604122e+01
1.011781e+02
7.268929e+01
1.072026e+02
7.073187e+01
8.699821e+01
6.493988e+01
9.769210e+01
1.185094e+02
1.140065e+02
7.811609e+01
8.515862e+01
8.915537e+01
1.011996e+02
7.832170e+01
9.475384e+01
7.573487e+01
8.702923e+01
8.195455e+01
1.165279e+02
7.788474e+01
9.861187e+01
8.971571e+01
9.084236e+01
9.256891e+01
7.214546e+01
7.381731e+01
9.283383e+01
1.002668e+02
9.823161e+01
9.237513e+01
8.050205e+01
1.066690e+02
9.425801e+01
9.909701e+01
1.001738e+02
9.210411e+01
9.627767e+01
7.509356e+01
9.219805e+01
1.092617e+02
1.010629e+02
9.144872e+01
1.229644e+02
1.225169e+02
9.450610e+01
1.096963e+02
7.463450e+01
9.568606e+01
1.115962e+02
9.183335e+01
1.006751e+02
9.875453e+01
1.246727e+02
1.088346e+02
1.000936e+02
9.027209e+01
8.543027e+01
7.504671e+01
9.779716e+01
8.432565e+01
1.015722e+02
9.549059e+01
1.004155e+02
8.852598e+01
1.059537e+02
1.113144e+02
9.519840e+01
1.109767e+02
1.127576e+02
1.232381e+02
1.051836e+02
8.824309e+01
1.077679e+02
9.647346e+01
9.683820e+01
8.964636e+01
9.602148e+01
1.093295e+02
9.710206e+01
1.026913e+02
6.707476e+01
9.512253e+01
8.085412e+01
9.954605e+01
5.382259e+01
8.075404e+01
1.155198e+02
8.754589e+01
1.017119e+02
1.012291e+02
1.218914e+02
1.072482e+02
1.234827e+02
6.976586e+01
1.073865e+02
8.456840e+01
7.215748e+01
9.823066e+01
9.771184e+01
9.995352e+01
9.276535e+01
1.126260e+02
8.201492e+01
9.263150e+01
1.039578e+02
1.199968e+02
8.744947e+01
1.038894e+02
1.053948e+02
9.182132e+01
1.010177e+02
6.911819e+01
1.087592e+02
1.048026e+02
9.312445e+01
7.395838e+01
8.242892e+01
1.232572e+02
9.652154e+01
1.093974e+02
9.455149e+01
1.198008e+02
1.032458e+02
1.180814e+02
9.698711e+01
1.371781e+02
9.581753e+01
9.265147e+01
9.745500e+01
1.171899e+02
1.097358e+02
1.047039e+02
9.618179e+01
1.156665e+02
8.679677e+01
7.613015e+01
1.153313e+02
8.943677e+01
8.181585e+01
9.795506e+01
7.131763e+01
9.626515e+01
7.739122e+01
8.522593e+01
1.023989e+02
1.050096e+02
1.111436e+02
1.002135e+02
1.099415e+02
9.354374e+01
8.943435e+01
8.748989e+01
8.300226e+01
1.042805e+02
1.018870e+02
8.939786e+01
1.033763e+02
1.016801e+02
1.316436e+02
1.023071e+02
1.497845e+02
9.080740e+01
1.206719e+02
1.216779e+02
1.414210e+02
1.390197e+02
1.208405e+02
1.063351e+02
9.589175e+01
1.243654e+02
1.046671e+02
8.899352e+01
1.023648e+02
1.067677e+02
1.164389e+02
1.069226e+02
8.758719e+01
1.115378e+02
8.414017e+01
8.755295e+01
9.336022e+01
8.546807e+01
1.037978e+02
9.807405e+01
9.764660e+01
1.314704e+02
1.251746e+02
9.707595e+01
8.715007e+01
1.079418e+02
1.223896e+02
1.018138e+02
1.026098e+02
1.140261e+02
1.076389e+02
1.217427e+02
1.312231e+02
9.943478e+01
1.086669e+02
1.241869e+02
1.123360e+02
1.384130e+02
1.056511e+02
1.055481e+02
1.337510e+02
1.305034e+02
1.027584e+02
9.552266e+01
1.168362e+02
8.900831e+01
1.115206e+02
1.140788e+02
9.951030e+01
1.291327e+02
1.078450e+02
1.177454e+02
6.264204e+01
1.151825e+02
7.253040e+01
9.449429e+01
1.073759e+02
9.589991e+01
1.117472e+02
9.036386e+01
1.042024e+02
8.440956e+01
1.235161e+02
1.360724e+02
1.345154e+02
8.757420e+01
1.136505e+02
1.071222e+02
1.102300e+02
9.026004e+01
1.320126e+02
1.410700e+02
1.037525e+02
1.378584e+02
1.076083e+02
1.295267e+02
1.180800e+02
1.045041e+02
1.044019e+02
1.174830e+02
1.025928e+02
1.179912e+02
1.086370e+02
1.325805e+02
1.396638e+02
1.007376e+02
1.098556e+02
1.143276e+02
1.116056e+02
1.426665e+02
1.120634e+02
1.196611e+02
1.216046e+02
1.001518e+02
1.164079e+02
1.403685e+02
1.260134e+02
1.173388e+02
1.343103e+02
1.008962e+02
7.904002e+01
1.138805e+02
1.117066e+02
1.090595e+02
1.174371e+02
1.228280e+02
1.230744e+02
9.202092e+01
1.026216e+02
1.287225e+02
1.180710e+02
9.526554e+01
1.238437e+02
1.249481e+02
1.216583e+02
1.112590e+02
1.271429e+02
1.383587e+02
1.130859e+02
1.007103e+02
1.274101e+02
1.134019e+02
1.098873e+02
1.146380e+02
8.715203e+01
1.280233e+02
1.380571e+02
1.396637e+02
1.049172e+02
1.168072e+02
1.136696e+02
1.472970e+02
9.346241e+01
9.169425e+01
9.755744e+01
1.238248e+02
1.152428e+02
7.881364e+01
1.085832e+02
1.264984e+02
1.083894e+02
1.127243e+02
1.059318e+02
1.275474e+02
1.082006e+02
1.185272e+02
1.132515e+02
1.184206e+02
1.157127e+02
1.242809e+02
1.060567e+02
1.070046e+02
8.939768e+01
1.178836e+02
9.839254e+01
8.597879e+01
1.008437e+02
9.581733e+01
1.030530e+02
9.504407e+01
1.070149e+02
9.342463e+01
1.067932e+02
1.132991e+02
1.094717e+02
1.017826e+02
1.451811e+02
9.596575e+01
1.007222e+02
1.009113e+02
1.028697e+02
9.626937e+01
1.107231e+02
1.115957e+02
1.163937e+02
1.385647e+02
1.246886e+02
1.379308e+02
1.145544e+02
1.015157e+02
1.107251e+02
9.818491e+01
9.797207e+01
8.448732e+01
9.556549e+01
1.047921e+02
8.028220e+01
1.066384e+02
1.067456e+02
8.162794e+01
9.061694e+01
9.508148e+01
1.406668e+02
9.400395e+01
9.968463e+01
1.157871e+02
1.115217e+02
1.236344e+02
1.140595e+02
1.583918e+02
1.236954e+02
1.441496e+02
8.376094e+01
1.221113e+02
7.489634e+01
9.729473e+01
1.204153e+02
9.975042e+01
9.226789e+01
1.095348e+02
9.989952e+01
8.858606e+01
1.152266e+02
1.098495e+02
1.122610e+02
1.077589e+02
9.621119e+01
1.090859e+02
1.082288e+02
7.805299e+01
1.028055e+02
9.964539e+01
9.364049e+01
1.062354e+02
8.087457e+01
1.096525e+02
7.856740e+01
8.475648e+01
1.267522e+02
1.187389e+02
1.072654e+02
9.221914e+01
8.843716e+01
1.245145e+02
8.770639e+01
1.125696e+02
9.265361e+01
1.048461e+02
1.019353e+02
6.479631e+01
1.047992e+02
8.969253e+01
8.745459e+01
9.428968e+01
1.075735e+02
9.189745e+01
8.201924e+01
1.036804e+02
7.378324e+01
8.431882e+01
1.012009e+02
8.518101e+01
1.031888e+02
1.024544e+02
8.820283e+01
1.045378e+02
1.068123e+02
6.656835e+01
1.035188e+02
7.881348e+01
9.524723e+01
8.651972e+01
8.091334e+01
7.634309e+01
1.085782e+02
9.439360e+01
8.172144e+01
8.601235e+01
8.552039e+01
1.046845e+02
1.133403e+02
1.003452e+02
9.969618e+01
5.710844e+01
9.278603e+01
8.671269e+01
1.003974e+02
1.140801e+02
7.419504e+01
1.236858e+02
6.378065e+01
9.672451e+01
1.157383e+02
8.659430e+01
9.064407e+01
7.819889e+01
8.878577e+01
8.225604e+01
9.966463e+01
9.975151e+01
8.048634e+01
7.425083e+01
7.686837e+01
7.399046e+01
1.085641e+02
9.543818e+01
9.564142e+01
1.049401e+02
8.919984e+01
8.731470e+01
1.086390e+02
9.873760e+01
8.233940e+01
8.700965e+01
1.132013e+02
1.058801e+02
1.028481e+02
6.441275e+01
1.189959e+02
7.391203e+01
8.737891e+01
1.008303e+02
7.374273e+01
1.019419e+02
8.304385e+01
8.435086e+01
6.067646e+01
1.026403e+02
6.697706e+01
8.523153e+01
1.133020e+02
7.871273e+01
9.184489e+01
8.421446e+01
7.659417e+01
8.918679e+01
7.584094e+01
6.095147e+01
6.121046e+01
6.663715e+01
1.020732e+02
6.249213e+01
7.921208e+01
1.141699e+02
9.555217e+01
9.837007e+01
6.895980e+01
1.156099e+02
6.827328e+01
9.140470e+01
7.688929e+01
9.726118e+01
7.393345e+01
7.984528e+01
8.529888e+01
9.783010e+01
1.062786e+02
6.623491e+01
9.675770e+01
1.072996e+02
1.155092e+02
8.057011e+01
9.150568e+01
1.075242e+02
6.544886e+01
7.727639e+01
9.875564e+01
1.195447e+02
7.636795e+01
8.559526e+01
4.886264e+01
9.353836e+01
1.093386e+02
7.525466e+01
8.214340e+01
1.127232e+02
1.152536e+02
7.196060e+01
1.085972e+02
1.056938e+02
9.185597e+01
7.246405e+01
1.041562e+02
8.710207e+01
9.639748e+01
7.922424e+01
6.668606e+01
7.612281e+01
1.218359e+02
7.601450e+01
5.809533e+01
9.962323e+01
6.406484e+01
7.575468e+01
3.353735e+01
4.886035e+01
7.324938e+01
7.822246e+01
8.154512e+01
8.993890e+01
7.973464e+01
9.708091e+01
6.995456e+01
6.444816e+01
8.104958e+01
1.040825e+02
1.086328e+02
9.524201e+01
8.893485e+01
6.553573e+01
1.214735e+02
9.448922e+01
9.090455e+01
7.632496e+01
1.073562e+02
9.080407e+01
9.473035e+01
7.565285e+01
9.637154e+01
9.275738e+01
7.236209e+01
8.627880e+01
6.468086e+01
7.501075e+01
7.024775e+01
7.346723e+01
6.254084e+01
7.366288e+01
1.214946e+02
6.766773e+01
8.013526e+01
1.219093e+02
7.777815e+01
1.198410e+02
1.052380e+02
9.353005e+01
6.817736e+01
8.126952e+01
9.630538e+01
9.978514e+01
6.459352e+01
9.490681e+01
8.926851e+01
9.460069e+01
4.957944e+01
8.878435e+01
1.261928e+02
7.925239e+01
9.033321e+01
5.518599e+01
5.998804e+01
1.018461e+02
1.038257e+02
9.624070e+01
7.391221e+01
1.026279e+02
6.949744e+01
7.708985e+01
6.903833e+01
5.824431e+01
1.049993e+02
8.252490e+01
9.016044e+01
1.142284e+02
4.774352e+01
1.021625e+02
6.478739e+01
1.041320e+02
6.013915e+01
8.123236e+01
8.656586e+01
1.001546e+02
8.331266e+01
7.855727e+01
9.160973e+01
6.510861e+01
7.681311e+01
9.473401e+01
8.783726e+01
1.010744e+02
7.225153e+01
5.521589e+01
7.648623e+01
9.807275e+01
7.018098e+01
9.610086e+01
8.768971e+01
1.282465e+02
7.231483e+01
9.869354e+01
5.832772e+01
7.902433e+01
7.335884e+01
5.746027e+01
8.514140e+01
7.477626e+01
9.449337e+01
6.808576e+01
5.980387e+01
6.929904e+01
7.886992e+01
9.967482e+01
5.980436e+01
8.709597e+01
8.174440e+01
1.141467e+02
6.678200e+01
1.047948e+02
7.263254e+01
7.212983e+01
9.692436e+01
1.062882e+02
9.377573e+01
9.840375e+01
9.070976e+01
7.026220e+01
5.879122e+01
5.245354e+01
8.192829e+01
5.998751e+01
8.864089e+01
9.140682e+01
8.606028e+01
6.148025e+01
6.381634e+01
4.068758e+01
1.064192e+02
7.229685e+01
8.653370e+01
5.921541e+01
7.832835e+01
9.209389e+01
7.321181e+01
7.197890e+01
9.473557e+01
8.820859e+01
9.303199e+01
7.318310e+01
6.267325e+01
7.518753e+01
7.071420e+01
8.623374e+01
7.105364e+01
6.925449e+01
8.588220e+01
8.173395e+01
8.145053e+01
9.757891e+01
9.498144e+01
9.950808e+01
5.275048e+01
7.622810e+01
8.775642e+01
4.321658e+01
9.604152e+01
1.020654e+02
7.207058e+01
5.772199e+01
9.012831e+01
6.764443e+01
8.141892e+01
5.268845e+01
3.931180e+01
7.627138e+01
6.531573e+01
6.991888e+01
6.397730e+01
6.470417e+01
5.441630e+01
8.324267e+01
8.229917e+01
8.624416e+01
7.191210e+01
6.048969e+01
8.493733e+01
7.532862e+01
1.042358e+02
8.628660e+01
7.315499e+01
5.184577e+01
7.395822e+01
6.838007e+01
5.176367e+01
6.582688e+01
9.065371e+01
6.922983e+01
7.086522e+01
5.660067e+01
8.515605e+01
1.044018e+02
9.644171e+01
7.121657e+01
6.858814e+01
