1.045515e+02
1.067350e+02
8.855550e+01
1.089192e+02
1.031653e+02
9.767458e+01
1.004302e+02
9.637434e+01
1.012458e+02
6.808840e+01
8.523388e+01
1.037923e+02
8.555232e+01
1.066886e+02
7.510579e+01
8.498122e+01
8.819349e+01
1.016682e+02
9.441336e+01
7.841745e+01
8.527374e+01
8.982007e+01
7.711746e+01
8.927727e+01
8.875919e+01
7.764319e+01
9.034423e+01
7.453845e+01
8.330192e+01
9.977059e+01
9.215031e+01
8.848761e+01
8.480073e+01
9.370136e+01
8.867846e+01
9.084932e+01
6.355806e+01
1.133786e+02
8.961109e+01
7.428740e+01
9.840502e+01
9.003386e+01
8.916328e+01
9.232423e+01
8.611784e+01
7.579312e+01
8.798345e+01
7.294987e+01
6.691411e+01
1.052113e+02
9.535781e+01
8.392851e+01
1.019808e+02
7.126781e+01
8.302069e+01
1.055354e+02
9.994446e+01
8.894888e+01
1.266191e+02
8.810088e+01
1.005770e+02
6.651909e+01
8.951977e+01
9.990316e+01
1.023755e+02
9.643734e+01
9.254052e+01
9.387579e+01
1.011635e+02
7.208925e+01
7.847007e+01
9.335980e+01
1.030137e+02
8.472830e+01
7.858596e+01
9.207279e+01
7.666527e+01
9.531302e+01
1.043754e+02
9.920450e+01
8.639983e+01
9.991893e+01
8.459394e+01
8.405988e+01
1.001667e+02
9.749467e+01
8.873921e+01
9.143029e+01
9.480730e+01
9.105567e+01
6.748658e+01
8.193674e+01
8.751210e+01
9.899205e+01
7.582896e+01
1.051846e+02
7.125315e+01
6.840754e+01
8.888737e+01
9.006400e+01
8.375365e+01
9.253826e+01
9.724473e+01
8.334463e+01
8.179117e+01
8.434431e+01
7.795037e+01
8.519017e+01
8.586397e+01
8.940920e+01
1.050149e+02
8.603678e+01
9.447902e+01
9.190998e+01
8.267833e+01
8.161308e+01
1.016290e+02
7.111988e+01
1.104277e+02
8.450493e+01
9.366932e+01
8.434083e+01
1.013399e+02
1.068645e+02
9.201329e+01
1.090400e+02
7.193547e+01
7.078379e+01
1.048629e+02
8.906433e+01
9.774649e+01
9.456145e+01
8.669753e+01
9.392323e+01
9.938244e+01
9.655433e+01
7.699963e+01
1.016160e+02
9.233031e+01
9.125183e+01
9.572897e+01
9.794466e+01
9.158817e+01
1.048290e+02
9.690729e+01
9.544727e+01
7.710953e+01
8.286737e+01
1.041873e+02
1.027389e+02
1.284162e+02
9.235892e+01
1.018716e+02
7.939976e+01
9.016596e+01
8.140901e+01
8.085535e+01
8.196917e+01
8.725338e+01
9.309049e+01
8.494689e+01
8.736725e+01
8.957051e+01
8.214466e+01
8.931497e+01
7.542859e+01
9.055115e+01
1.013510e+02
9.280198e+01
8.603615e+01
7.623336e+01
9.218189e+01
8.254863e+01
9.049075e+01
7.742417e+01
8.076855e+01
7.808159e+01
1.056394e+02
8.597117e+01
1.103884e+02
9.016511e+01
8.060420e+01
9.569409e+01
9.932125e+01
9.241599e+01
9.328981e+01
7.910720e+01
7.939593e+01
7.961742e+01
1.024024e+02
8.818984e+01
8.002439e+01
7.582511e+01
1.087207e+02
8.675126e+01
8.128760e+01
9.587817e+01
8.870445e+01
8.845088e+01
8.136397e+01
9.900479e+01
8.989733e+01
9.734945e+01
1.129295e+02
9.640808e+01
1.048243e+02
1.140523e+02
8.003185e+01
1.020964e+02
1.073796e+02
7.912392e+01
9.754775e+01
9.160945e+01
1.080495e+02
1.143833e+02
8.688609e+01
1.008304e+02
9.332904e+01
1.104516e+02
9.880124e+01
1.043709e+02
9.829613e+01
8.495950e+01
8.491350e+01
9.783580e+01
9.142083e+01
9.632050e+01
6.921923e+01
8.082735e+01
1.141641e+02
8.913296e+01
1.042804e+02
9.642836e+01
8.921528e+01
7.284070e+01
8.347211e+01
7.232637e+01
1.079980e+02
8.541995e+01
7.023293e+01
8.036205e+01
9.505790e+01
9.734843e+01
1.009092e+02
1.002850e+02
7.142214e+01
1.008951e+02
9.064758e+01
8.735688e+01
1.009776e+02
9.229931e+01
6.782020e+01
1.035008e+02
1.000267e+02
1.364573e+02
9.608922e+01
1.047665e+02
1.154731e+02
1.050744e+02
1.051485e+02
7.636908e+01
1.116823e+02
1.373143e+02
1.122111e+02
8.722916e+01
9.618535e+01
9.557823e+01
8.888408e+01
8.620005e+01
8.272977e+01
1.016933e+02
1.031393e+02
1.218200e+02
8.581614e+01
9.236876e+01
8.666127e+01
1.087057e+02
1.106954e+02
1.246729e+02
9.706098e+01
9.877109e+01
8.099039e+01
1.020627e+02
1.390533e+02
1.050026e+02
8.637232e+01
1.104721e+02
1.102067e+02
1.037318e+02
1.023854e+02
9.681585e+01
9.322678e+01
1.062030e+02
9.451523e+01
1.098871e+02
1.118240e+02
1.103192e+02
9.814017e+01
1.081963e+02
7.206506e+01
6.768481e+01
1.094166e+02
8.746884e+01
1.120150e+02
1.063914e+02
9.035207e+01
1.205135e+02
1.053586e+02
1.278995e+02
1.047286e+02
9.658514e+01
8.149895e+01
1.084388e+02
9.555496e+01
1.204288e+02
9.565770e+01
9.894298e+01
1.096068e+02
1.317914e+02
8.074864e+01
1.189209e+02
9.191838e+01
1.356621e+02
1.118466e+02
1.155733e+02
1.176989e+02
1.024168e+02
7.967244e+01
1.075413e+02
7.978341e+01
1.133385e+02
1.082436e+02
8.447252e+01
1.284266e+02
1.016343e+02
1.160811e+02
6.869623e+01
9.642072e+01
1.343522e+02
1.077962e+02
1.162190e+02
1.332676e+02
1.261595e+02
1.379822e+02
1.187475e+02
1.138997e+02
1.146626e+02
1.017450e+02
8.226105e+01
1.261430e+02
1.129105e+02
9.848487e+01
8.509137e+01
1.118813e+02
1.330237e+02
1.107805e+02
9.880848e+01
1.134932e+02
1.160731e+02
1.107435e+02
1.152490e+02
8.494520e+01
7.892194e+01
1.216747e+02
1.368713e+02
9.790750e+01
1.055707e+02
1.116718e+02
1.296056e+02
1.064473e+02
8.411324e+01
1.356309e+02
1.401108e+02
6.624061e+01
9.995550e+01
1.024055e+02
1.148281e+02
1.226791e+02
9.585911e+01
8.446881e+01
1.161516e+02
1.258712e+02
1.036716e+02
1.073141e+02
1.187866e+02
9.240643e+01
1.268005e+02
1.154532e+02
1.467283e+02
1.017533e+02
1.336442e+02
1.190817e+02
1.490895e+02
1.233067e+02
9.478757e+01
9.769055e+01
1.605404e+02
1.339412e+02
1.251657e+02
1.140730e+02
1.140397e+02
1.133063e+02
1.556524e+02
1.311499e+02
1.058209e+02
9.048519e+01
9.205666e+01
9.816054e+01
8.569395e+01
9.328326e+01
1.295674e+02
1.407480e+02
1.272325e+02
8.894428e+01
1.426798e+02
1.421165e+02
1.310105e+02
1.054439e+02
1.018941e+02
7.677592e+01
1.106738e+02
1.485164e+02
1.170694e+02
1.435706e+02
1.222447e+02
1.078264e+02
1.323859e+02
8.697723e+01
1.120943e+02
1.193664e+02
1.143843e+02
1.061800e+02
9.715679e+01
1.429101e+02
8.589662e+01
1.261589e+02
1.180809e+02
9.615651e+01
1.347852e+02
1.068989e+02
1.285203e+02
1.289510e+02
9.933142e+01
1.316783e+02
1.110757e+02
1.024224e+02
9.098978e+01
1.199738e+02
1.404705e+02
1.688323e+02
1.103341e+02
1.091070e+02
8.370418e+01
1.449860e+02
1.176893e+02
1.025636e+02
8.294110e+01
1.180599e+02
1.290115e+02
1.452273e+02
9.104746e+01
8.546161e+01
1.176315e+02
1.016648e+02
1.010855e+02
1.401826e+02
1.042688e+02
1.277019e+02
1.230326e+02
1.397552e+02
1.419764e+02
1.180867e+02
1.146839e+02
1.270986e+02
1.171989e+02
9.451590e+01
1.411703e+02
1.036813e+02
1.049268e+02
1.425358e+02
1.440948e+02
8.147111e+01
8.624564e+01
1.397124e+02
1.181549e+02
1.133853e+02
1.361366e+02
1.158973e+02
1.323261e+02
1.011921e+02
1.318247e+02
8.650998e+01
7.774930e+01
1.011144e+02
1.128830e+02
1.207367e+02
9.379155e+01
1.121770e+02
1.516300e+02
1.224139e+02
8.046762e+01
8.671994e+01
7.944831e+01
1.020608e+02
8.828461e+01
1.278686e+02
1.001358e+02
1.101852e+02
1.272358e+02
1.157284e+02
9.965043e+01
8.399970e+01
1.268708e+02
1.536518e+02
1.062128e+02
1.262098e+02
1.273509e+02
1.220817e+02
1.312091e+02
1.143329e+02
9.753744e+01
1.383420e+02
1.443323e+02
8.937198e+01
7.381769e+01
1.251435e+02
1.159268e+02
8.622164e+01
1.738536e+02
1.146669e+02
1.172578e+02
1.366701e+02
8.755351e+01
1.338205e+02
8.134721e+01
5.322546e+01
1.599572e+02
1.278449e+02
8.898229e+01
1.158400e+02
1.129803e+02
1.304683e+02
1.298006e+02
1.057559e+02
9.653721e+01
1.091221e+02
1.420742e+02
1.215433e+02
1.104132e+02
7.866998e+01
1.074804e+02
1.369438e+02
1.581767e+02
1.686245e+02
8.832942e+01
7.376736e+01
1.610835e+02
6.975314e+01
8.796846e+01
1.427771e+02
8.629551e+01
9.457482e+01
1.357010e+02
8.797219e+01
1.118608e+02
1.270479e+02
1.103303e+02
1.297359e+02
1.145017e+02
1.272252e+02
1.032433e+02
7.584889e+01
1.037011e+02
9.885763e+01
1.175773e+02
9.874025e+01
8.561717e+01
9.999320e+01
1.019977e+02
9.649105e+01
1.285363e+02
1.500760e+02
8.010324e+01
9.118387e+01
9.542915e+01
1.268602e+02
1.250026e+02
8.269932e+01
7.692412e+01
1.194313e+02
1.365405e+02
9.886609e+01
1.478103e+02
1.300413e+02
1.236498e+02
1.015695e+02
1.225896e+02
1.199358e+02
8.308377e+01
1.007715e+02
1.508809e+02
6.924727e+01
7.666012e+01
9.159924e+01
1.426494e+02
9.085661e+01
9.340408e+01
1.112922e+02
8.474671e+01
1.193146e+02
1.226972e+02
7.056855e+01
8.033282e+01
1.162611e+02
1.299440e+02
1.120644e+02
1.241885e+02
9.569778e+01
9.243703e+01
1.129925e+02
1.056367e+02
1.037372e+02
1.090778e+02
1.215720e+02
1.045064e+02
6.091537e+01
8.001474e+01
8.491713e+01
1.072825e+02
1.137610e+02
1.113326e+02
5.003248e+01
8.009952e+01
1.206697e+02
1.095540e+02
1.241716e+02
6.945134e+01
1.067791e+02
1.064996e+02
7.430576e+01
7.228368e+01
9.905007e+01
1.150915e+02
8.812369e+01
1.169923e+02
1.066251e+02
9.863522e+01
9.509840e+01
7.843675e+01
1.073846e+02
9.672918e+01
1.002981e+02
1.230434e+02
1.112337e+02
8.126139e+01
9.946030e+01
1.160586e+02
1.002409e+02
1.068616e+02
1.080864e+02
8.627989e+01
8.546360e+01
7.633724e+01
8.170298e+01
1.055564e+02
1.162795e+02
7.239570e+01
1.014890e+02
1.367926e+02
7.652638e+01
9.468114e+01
9.734325e+01
9.051327e+01
9.605626e+01
9.253175e+01
1.169850e+02
6.511144e+01
1.102603e+02
9.312716e+01
7.362433e+01
6.877774e+01
9.205093e+01
9.567052e+01
9.764109e+01
7.558388e+01
1.042858e+02
1.063800e+02
1.075724e+02
7.386347e+01
5.978380e+01
8.238147e+01
7.922025e+01
7.136851e+01
5.280765e+01
9.739024e+01
7.431394e+01
1.144642e+02
1.031846e+02
1.097166e+02
9.494781e+01
8.325070e+01
1.023040e+02
1.102632e+02
9.297864e+01
9.735306e+01
1.346947e+02
1.096714e+02
7.093045e+01
8.751964e+01
9.638364e+01
6.186498e+01
9.285436e+01
1.002879e+02
8.676060e+01
7.362447e+01
8.364302e+01
1.000853e+02
9.273225e+01
9.106435e+01
9.140469e+01
7.527744e+01
8.361588e+01
8.605518e+01
1.088608e+02
8.284002e+01
9.006387e+01
9.074311e+01
7.502237e+01
7.015529e+01
9.366835e+01
7.600058e+01
8.024569e+01
8.590660e+01
8.783992e+01
9.145775e+01
9.805492e+01
9.635794e+01
9.302178e+01
1.008804e+02
7.806273e+01
9.222501e+01
7.428378e+01
8.279213e+01
9.224108e+01
8.817944e+01
7.976131e+01
8.201616e+01
8.697240e+01
7.937235e+01
6.739043e+01
7.802719e+01
9.241327e+01
7.104056e+01
7.006208e+01
7.895413e+01
1.060958e+02
8.668651e+01
8.268086e+01
9.342709e+01
9.684370e+01
1.012953e+02
9.099688e+01
8.360418e+01
9.471319e+01
9.767000e+01
7.541403e+01
8.389044e+01
7.632668e+01
9.535794e+01
8.976033e+01
1.009772e+02
8.067688e+01
8.092513e+01
8.577942e+01
9.308351e+01
8.684477e+01
8.162224e+01
7.519299e+01
7.216957e+01
8.204975e+01
9.531715e+01
8.730041e+01
8.041602e+01
8.261446e+01
6.020620e+01
9.347554e+01
8.885819e+01
8.809401e+01
9.491917e+01
8.842312e+01
9.134029e+01
9.039231e+01
9.817747e+01
1.033455e+02
8.165604e+01
8.780992e+01
9.364557e+01
7.664571e+01
8.357260e+01
7.675285e+01
7.661058e+01
8.813965e+01
7.416470e+01
9.328854e+01
8.305367e+01
9.896549e+01
7.247085e+01
8.996738e+01
1.066232e+02
9.110393e+01
8.668317e+01
7.894039e+01
1.061452e+02
8.446169e+01
8.901249e+01
9.206004e+01
9.757641e+01
7.813463e+01
9.612688e+01
8.628989e+01
9.236498e+01
8.207335e+01
8.975120e+01
9.929265e+01
8.962319e+01
7.812976e+01
8.969105e+01
8.845907e+01
7.936605e+01
7.861182e+01
8.288479e+01
8.421826e+01
9.741413e+01
8.934593e+01
9.892862e+01
7.682002e+01
8.477032e+01
8.646531e+01
8.996028e+01
8.333036e+01
8.780127e+01
8.901659e+01
8.890565e+01
9.148429e+01
8.866569e+01
8.832256e+01
8.001301e+01
9.604642e+01
9.544350e+01
1.004036e+02
7.984467e+01
9.118303e+01
8.041671e+01
9.432040e+01
8.005040e+01
8.884735e+01
8.471398e+01
9.795564e+01
8.317696e+01
9.438638e+01
9.307713e+01
8.423113e+01
9.851554e+01
9.547899e+01
7.717149e+01
7.190428e+01
7.872619e+01
9.327674e+01
9.889204e+01
8.533792e+01
7.821886e+01
6.535731e+01
9.422411e+01
7.781015e+01
1.013438e+02
9.099315e+01
1.005957e+02
8.431227e+01
9.787142e+01
9.666924e+01
8.438656e+01
1.033336e+02
9.263294e+01
9.287169e+01
8.067070e+01
8.579480e+01
9.985915e+01
8.050493e+01
8.544644e+01
9.136877e+01
8.160022e+01
9.926858e+01
8.515138e+01
7.796984e+01
1.046648e+02
1.016459e+02
8.674284e+01
9.097826e+01
7.257646e+01
8.474452e+01
9.441140e+01
8.715578e+01
7.738907e+01
8.232294e+01
8.921331e+01
8.570332e+01
9.886175e+01
8.947580e+01
9.093889e+01
9.062906e+01
8.917843e+01
8.271242e+01
9.259699e+01
9.152345e+01
8.306507e+01
7.360269e+01
1.031862e+02
8.413652e+01
1.121791e+02
8.266339e+01
7.866655e+01
9.558706e+01
8.838131e+01
9.511683e+01
9.295729e+01
7.871770e+01
8.992901e+01
9.247090e+01
9.029775e+01
9.581588e+01
8.454189e+01
9.575100e+01
9.387796e+01
9.862721e+01
8.648478e+01
7.737312e+01
8.002036e+01
8.398192e+01
9.246186e+01
8.269598e+01
8.693276e+01
9.942958e+01
8.847883e+01
8.239006e+01
9.343437e+01
9.112657e+01
9.084009e+01
8.006045e+01
8.337661e+01
7.532022e+01
9.709559e+01
8.519447e+01
8.168379e+01
8.383378e+01
8.798150e+01
8.360348e+01
8.309123e+01
8.701551e+01
9.251863e+01
7.679040e+01
8.337209e+01
7.936051e+01
7.874003e+01
9.140323e+01
9.895684e+01
9.429759e+01
7.866878e+01
9.030815e+01
8.090953e+01
9.486749e+01
9.472886e+01
8.918863e+01
1.119220e+02
9.283198e+01
9.384143e+01
8.982821e+01
7.983157e+01
1.005659e+02
7.525942e+01
8.519010e+01
8.573462e+01
9.260171e+01
1.066889e+02
9.517675e+01
7.684664e+01
8.544428e+01
8.351701e+01
7.239868e+01
1.016638e+02
8.127313e+01
8.442771e+01
7.696032e+01
1.048895e+02
6.545254e+01
8.881861e+01
9.050282e+01
8.679407e+01
8.013101e+01
6.430574e+01
8.580698e+01
9.243462e+01
8.841380e+01
9.933816e+01
9.472750e+01
6.814615e+01
6.138154e+01
7.156255e+01
9.981796e+01
8.625847e+01
9.364529e+01
7.104830e+01
9.149721e+01
9.211920e+01
8.591340e+01
9.273793e+01
9.648867e+01
7.525326e+01
7.734959e+01
8.535235e+01
9.323337e+01
7.155126e+01
8.436082e+01
7.525306e+01
9.979597e+01
9.798634e+01
8.392383e+01
7.064260e+01
